$ 1 0.000005 96.77753655846766 59 5 50 5e-11
165 640 688 688 688 6 4.99999995
w 736 848 736 896 0
g 736 896 752 928 0 0
w 512 656 704 656 0
w 784 656 768 720 0
r 768 752 880 752 0 1000
O 880 752 992 752 0 0
403 928 800 1056 864 0 6_64_0_36874_5_0.1_-1_1
w 640 784 640 816 0
w 640 720 608 720 0
r 512 656 512 720 0 20700.31
w 704 656 784 656 0
d 512 720 512 816 2 default
r 608 768 608 816 0 10200.66
c 576 864 576 944 4 0.0000032999999999999997 2.7161074972519073 0.001 0
g 576 944 576 976 0 0
R 704 576 704 512 0 0 40 5 0 0 0.5
f 880 752 1072 752 32 1.5 0.02
w 704 576 704 656 0
c 704 848 688 880 4 1e-8 3.333333333333337 0.001 0
g 688 880 688 928 0 0
r 576 864 608 816 0 500.75
d 608 768 608 720 2 default
w 608 816 512 816 0
w 608 720 512 720 0
w 608 816 640 816 0
o 6 64 0 36874 5 0.1 0 1
38 10 F1 0 1 30000 -1 Resistance
38 13 F1 0 1 30000 -1 Resistance
38 14 F1 0 0.000001 0.0000047 -1 Capacitance
38 21 F1 0 1 2000 -1 Resistance
